転移seedごとの 支配系統/集団全体 比 (出生率・死亡率)
  A窓 = 転移6,000～2,000 tick前 (sweepより十分前)
  B窓 = 転移1,000 tick前～転移時点 (sweep開始時)
  純増余地 = 出生比 / 死亡比。1.0なら繁殖優位が死亡で相殺されている

 seed    転移tick |     A:出生比     A:死亡比      A:純増余地 |     B:出生比     B:死亡比      B:純増余地
    1    21,940 |      1.25      1.00        1.26 |      1.93      1.59        1.21
   10    38,640 |      2.51      2.42        1.04 |      1.83      1.49        1.23
   11    23,100 |      1.26      1.26        1.00 |      1.63      1.17        1.40
   12    22,080 |      0.80      0.82        0.98 |      1.70      1.30        1.31
   14    35,780 |      1.49      1.32        1.13 |      2.05      1.16        1.77
    2    34,120 |      1.08      1.02        1.07 |      1.59      1.30        1.22
    3    38,460 |      1.07      1.06        1.02 |      1.71      1.35        1.27
    4    25,380 |      0.86      0.86        1.00 |      2.23      1.19        1.86
    6    25,240 |      1.33      1.34        0.99 |      2.15      1.31        1.64
    9    35,740 |      1.38      1.00        1.39 |      1.17      0.95        1.24
   17    38,080 |      1.00      0.98        1.01 |      1.69      1.21        1.40
   18    26,240 |      0.93      0.87        1.07 |      1.86      0.78        2.40
   20    17,120 |      1.63      1.67        0.98 |      2.49      0.62        4.05

  中央値           |      1.25      1.02        1.02 |      1.83      1.21        1.40

A窓 (n=13, 出生数10以上のみ): 純増余地の中央値 1.02
B窓 (n=13): 純増余地の中央値 1.40   1.0超のseed 13/13
