=== 20260829_124126_seed4 ===
“]ˆÚtick 25,380   Žx”zŒn“ id=72

Žx”zŒn“‚Ì„ˆÚ (“]ˆÚtick‚ð0‚Æ‚µ‚½‘Š‘ÎŽžŠÔ)
    ‘Š‘Îtick      lŒû      ƒVƒFƒA      o¶/tick/ŒÂ‘Ì
   -12,000      15    3.0%         0.00100
    -8,000      17    2.9%         0.00176
    -6,000      14    2.3%         0.00071
    -4,000      15    2.4%         0.00133
    -3,000      16    2.4%         0.00125
    -2,000      19    2.7%         0.00132
    -1,000      16    2.2%         0.00063
        +0     764   52.5%         0.00428
    +1,000    3162   91.6%         0.00316
    +2,000    3554   95.0%         0.00243

”ÉB—DˆÊ‚Í sweep ‚Éæs‚·‚é‚©
  o¶—¦EŽ€–S—¦ = ‘‹“à‚ÌƒCƒxƒ“ƒg” / ‰„‚×ŒÂ‘Ì”B”ä = Žx”zŒn“ / W’c‘S‘Ì
        ‘‹ (‘Š‘Îtick)     o¶”ä     Ž€–S”ä      ƒ‘(Œn“)      ƒ‘(‘S‘Ì)       lŒû     o¶”
    -12,000`-8,000    0.86    0.89    +0.00000    +0.00004     14.4      58
     -8,000`-6,000    0.69    0.68    +0.00003    +0.00003     15.9      25
     -6,000`-4,000    0.82    0.88    -0.00003    +0.00004     15.0      29
     -4,000`-2,000    0.89    0.83    +0.00010    +0.00003     15.6      33
     -2,000`-1,000    0.92    0.95    +0.00000    +0.00005     16.4      18
         -1,000`+0    2.23    1.19    +0.00231    +0.00042    169.4     659
         +0`+1,000    1.18    1.07    +0.00135    +0.00093   1949.6    7765
  ¦ o¶”10–¢–ž‚Ì‘‹‚ÍŒv”ƒmƒCƒY‚ª‘å‚«‚­A’P“Æ‚Å‚Í”»’fÞ—¿‚É‚È‚ç‚È‚¢
  ¦ o¶”ä‚ª‚‚­‚Ä‚àƒ‘‚ªW’c‘S‘Ì‚Æ“¯’ö“x‚È‚çA‚»‚Ì—DˆÊ‚ÍlŒû‘‰Á‚Ö•ÏŠ·‚³‚ê‚Ä‚¢‚È‚¢

Žx”zŒn“‚ÌŒ`Ž¿ (ƒXƒiƒbƒvƒVƒ‡ƒbƒgŽž“_)
    tick        ‘Š‘Î  body_size  light_abs  repro_inv  mut_rate
   2,000   -23,380      1.048      0.324      0.408    0.0564
   4,000   -21,380      1.025      0.322      0.403    0.0561
   6,000   -19,380      1.064      0.332      0.441    0.0573
   8,000   -17,380      1.047      0.347      0.441    0.0533
  10,000   -15,380      1.040      0.362      0.435    0.0630
  12,000   -13,380      0.959      0.384      0.441    0.0718
  14,000   -11,380      0.992      0.407      0.445    0.0828
  16,000    -9,380      0.981      0.498      0.512    0.0863
  18,000    -7,380      0.919      0.699      0.525    0.0810
  20,000    -5,380      0.972      0.739      0.534    0.0778
  22,000    -3,380      0.865      1.140      0.566    0.0802
  24,000    -1,380      0.822      1.312      0.558    0.0945
  26,000      +620      0.285      3.466      0.580    0.2091
  28,000    +2,620      0.296      4.136      0.492    0.2011

} -> experiments\exp03_20seeds_40k\trigger_analysis\trigger.png
