=== 20260829_130611_seed20 ===
“]ˆÚtick 17,120   Žx”zŒn“ id=67

Žx”zŒn“‚Ì„ˆÚ (“]ˆÚtick‚ð0‚Æ‚µ‚½‘Š‘ÎŽžŠÔ)
    ‘Š‘Îtick      lŒû      ƒVƒFƒA      o¶/tick/ŒÂ‘Ì
   -12,000       5    1.5%         0.00200
    -8,000       7    1.6%         0.00214
    -6,000       6    1.2%         0.00250
    -4,000       5    1.0%         0.00100
    -3,000       7    1.3%         0.00143
    -2,000       5    0.9%         0.00000
    -1,000       7    1.2%         0.00214
        +0    1065   65.0%         0.00440
    +1,000    3693   91.6%         0.00247
    +2,000    3873   93.2%         0.00164

”ÉB—DˆÊ‚Í sweep ‚Éæs‚·‚é‚©
  o¶—¦EŽ€–S—¦ = ‘‹“à‚ÌƒCƒxƒ“ƒg” / ‰„‚×ŒÂ‘Ì”B”ä = Žx”zŒn“ / W’c‘S‘Ì
        ‘‹ (‘Š‘Îtick)     o¶”ä     Ž€–S”ä      ƒ‘(Œn“)      ƒ‘(‘S‘Ì)       lŒû     o¶”
    -12,000`-8,000    1.72    1.81    +0.00000    +0.00006      5.6      44
     -8,000`-6,000    1.91    2.03    -0.00008    +0.00003      6.0      25
     -6,000`-4,000    1.78    1.70    +0.00017    +0.00005      6.0      24
     -4,000`-2,000    1.49    1.64    -0.00008    +0.00005      6.2      21
     -2,000`-1,000    1.25    1.25    +0.00000    -0.00000      5.8       8
         -1,000`+0    2.49    0.62    +0.00298    +0.00042     87.8     318
         +0`+1,000    1.11    1.03    +0.00125    +0.00098   2481.0    7742
  ¦ o¶”10–¢–ž‚Ì‘‹‚ÍŒv”ƒmƒCƒY‚ª‘å‚«‚­A’P“Æ‚Å‚Í”»’fÞ—¿‚É‚È‚ç‚È‚¢
  ¦ o¶”ä‚ª‚‚­‚Ä‚àƒ‘‚ªW’c‘S‘Ì‚Æ“¯’ö“x‚È‚çA‚»‚Ì—DˆÊ‚ÍlŒû‘‰Á‚Ö•ÏŠ·‚³‚ê‚Ä‚¢‚È‚¢

Žx”zŒn“‚ÌŒ`Ž¿ (ƒXƒiƒbƒvƒVƒ‡ƒbƒgŽž“_)
    tick        ‘Š‘Î  body_size  light_abs  repro_inv  mut_rate
   2,000   -15,120      0.917      0.322      0.394    0.0713
   4,000   -13,120      0.827      0.309      0.382    0.0688
   6,000   -11,120      0.849      0.306      0.399    0.0764
   8,000    -9,120      0.789      0.433      0.373    0.0791
  10,000    -7,120      0.767      0.413      0.374    0.0763
  12,000    -5,120      0.760      0.432      0.387    0.0856
  14,000    -3,120      0.812      0.459      0.425    0.0987
  16,000    -1,120      0.734      0.626      0.512    0.0991
  18,000      +880      0.353      0.854      0.704    0.0976
  20,000    +2,880      0.340      1.278      0.698    0.1047

} -> experiments\exp03_20seeds_40k\trigger_analysis\trigger.png
