=== 20260829_130537_seed18 ===
“]ˆÚtick 26,240   Žx”zŒn“ id=36

Žx”zŒn“‚Ì„ˆÚ (“]ˆÚtick‚ð0‚Æ‚µ‚½‘Š‘ÎŽžŠÔ)
    ‘Š‘Îtick      lŒû      ƒVƒFƒA      o¶/tick/ŒÂ‘Ì
   -12,000      11    2.3%         0.00182
    -8,000      15    2.7%         0.00167
    -6,000      16    2.6%         0.00125
    -4,000      15    2.3%         0.00133
    -3,000      21    3.1%         0.00119
    -2,000      21    2.9%         0.00095
    -1,000      40    5.2%         0.00287
        +0    1561   71.2%         0.00422
    +1,000    4112   94.9%         0.00290
    +2,000    4315   96.9%         0.00234

”ÉB—DˆÊ‚Í sweep ‚Éæs‚·‚é‚©
  o¶—¦EŽ€–S—¦ = ‘‹“à‚ÌƒCƒxƒ“ƒg” / ‰„‚×ŒÂ‘Ì”B”ä = Žx”zŒn“ / W’c‘S‘Ì
        ‘‹ (‘Š‘Îtick)     o¶”ä     Ž€–S”ä      ƒ‘(Œn“)      ƒ‘(‘S‘Ì)       lŒû     o¶”
    -12,000`-8,000    1.21    1.23    +0.00002    +0.00004     12.9      78
     -8,000`-6,000    1.11    1.09    +0.00007    +0.00004     13.7      39
     -6,000`-4,000    0.88    0.90    +0.00000    +0.00003     15.4      34
     -4,000`-2,000    0.97    0.84    +0.00021    +0.00005     19.1      48
     -2,000`-1,000    0.89    0.80    +0.00013    +0.00002     22.6      26
         -1,000`+0    1.86    0.78    +0.00243    +0.00059    222.0     751
         +0`+1,000    1.09    1.00    +0.00118    +0.00089   2899.2    9694
  ¦ o¶”10–¢–ž‚Ì‘‹‚ÍŒv”ƒmƒCƒY‚ª‘å‚«‚­A’P“Æ‚Å‚Í”»’fÞ—¿‚É‚È‚ç‚È‚¢
  ¦ o¶”ä‚ª‚‚­‚Ä‚àƒ‘‚ªW’c‘S‘Ì‚Æ“¯’ö“x‚È‚çA‚»‚Ì—DˆÊ‚ÍlŒû‘‰Á‚Ö•ÏŠ·‚³‚ê‚Ä‚¢‚È‚¢

Žx”zŒn“‚ÌŒ`Ž¿ (ƒXƒiƒbƒvƒVƒ‡ƒbƒgŽž“_)
    tick        ‘Š‘Î  body_size  light_abs  repro_inv  mut_rate
   2,000   -24,240      0.987      0.311      0.402    0.0509
   4,000   -22,240      0.959      0.321      0.436    0.0552
   6,000   -20,240      0.947      0.361      0.473    0.0559
   8,000   -18,240      0.993      0.417      0.484    0.0722
  10,000   -16,240      1.006      0.423      0.474    0.0692
  12,000   -14,240      1.014      0.490      0.463    0.0722
  14,000   -12,240      0.918      0.491      0.454    0.0810
  16,000   -10,240      0.886      0.571      0.435    0.0883
  18,000    -8,240      0.858      0.720      0.473    0.0861
  20,000    -6,240      0.859      0.749      0.433    0.0904
  22,000    -4,240      0.871      0.842      0.493    0.0836
  24,000    -2,240      0.869      0.909      0.450    0.0872
  26,000      -240      0.664      1.201      0.647    0.1203
  28,000    +1,760      0.309      2.296      0.656    0.1567

} -> experiments\exp03_20seeds_40k\trigger_analysis\trigger.png
